0 0 45 30 300
50 50 45 30 300
100 100 45 30 300
150 150 45 30 300
200 200 45 30 300
250 250 45 30 300
300 300 45 30 300
350 350 45 30 300
400 400 45 30 300
450 450 45 30 300
500 500 45 30 300
550 550 45 30 300
600 600 45 30 300
650 650 45 30 300
700 700 45 30 300
750 750 45 30 300
800 800 45 30 300
850 850 45 30 300
900 900 45 30 300
950 950 45 30 300
1000 1000 45 30 300
1050 1050 45 30 300
1100 1100 45 30 300
1150 1150 45 30 300
1200 1200 45 30 300
1250 1250 45 30 300
1300 1300 45 30 300
1350 1350 45 30 300
1400 1400 45 30 300
1450 1450 45 30 300
1500 1500 45 30 300
1550 1550 45 30 300
1600 1600 45 30 300
1650 1650 45 30 300
1700 1700 45 30 300
1750 1750 45 30 300
1800 1800 45 30 300
1850 1850 45 30 300
1900 1900 45 30 300
1950 1950 45 30 300
2000 2000 45 30 300
2050 2050 45 30 300
2100 2100 45 30 300
2150 2150 45 30 300
2200 2200 45 30 300
2250 2250 45 30 300
2300 2300 45 30 300
2350 2350 45 30 300
2400 2400 45 30 300
2450 2450 45 30 300
2500 2500 45 30 300
2550 2550 45 30 300
2600 2600 45 30 300
2650 2650 45 30 300
2700 2700 45 30 300
2750 2750 45 30 300
2800 2800 45 30 300
2850 2850 45 30 300
2900 2900 45 30 300
2950 2950 45 30 300
3000 3000 45 30 300
3050 3050 45 30 300
3100 3100 45 30 300
3150 3150 45 30 300
3200 3200 45 30 300
3250 3250 45 30 300
3300 3300 45 30 300
3350 3350 45 30 300
3400 3400 45 30 300
3450 3450 45 30 300
3500 3500 45 30 300
3550 3550 45 30 300
3600 3600 45 30 300
3650 3650 45 30 300
3700 3700 45 30 300
3750 3750 45 30 300
3800 3800 45 30 300
3850 3850 45 30 300
3900 3900 45 30 300
3950 3950 45 30 300
4000 4000 45 30 300
4050 4050 45 30 300
4100 4100 45 30 300
4150 4150 45 30 300
4200 4200 45 30 300
4250 4250 45 30 300
4300 4300 45 30 300
4350 4350 45 30 300
4400 4400 45 30 300
4450 4450 45 30 300
4500 4500 45 30 300
4550 4550 45 30 300
4600 4600 45 30 300
4650 4650 45 30 300
4700 4700 45 30 300
4750 4750 45 30 300
4800 4800 45 30 300
4850 4850 45 30 300
4900 4900 45 30 300
4950 4950 45 30 300
5000 5000 -45 300 30
5050 5050 -45 300 30
5100 5100 -45 300 30
5150 5150 -45 300 30
5200 5200 -45 300 30
5250 5250 -45 300 30
5300 5300 -45 300 30
5350 5350 -45 300 30
5400 5400 -45 300 30
5450 5450 -45 300 30
5500 5500 -45 300 30
5550 5550 -45 300 30
5600 5600 -45 300 30
5650 5650 -45 300 30
5700 5700 -45 300 30
5750 5750 -45 300 30
5800 5800 -45 300 30
5850 5850 -45 300 30
5900 5900 -45 300 30
5950 5950 -45 300 30
6000 6000 -45 300 30
6050 6050 -45 300 30
6100 6100 -45 300 30
6150 6150 -45 300 30
6200 6200 -45 300 30
6250 6250 -45 300 30
6300 6300 -45 300 30
6350 6350 -45 300 30
6400 6400 -45 300 30
6450 6450 -45 300 30
6500 6500 -45 300 30
6550 6550 -45 300 30
6600 6600 -45 300 30
6650 6650 -45 300 30
6700 6700 -45 300 30
6750 6750 -45 300 30
6800 6800 -45 300 30
6850 6850 -45 300 30
6900 6900 -45 300 30
6950 6950 -45 300 30
7000 7000 -45 300 30
7050 7050 -45 300 30
7100 7100 -45 300 30
7150 7150 -45 300 30
7200 7200 -45 300 30
7250 7250 -45 300 30
7300 7300 -45 300 30
7350 7350 -45 300 30
7400 7400 -45 300 30
7450 7450 -45 300 30
7500 7500 -45 300 30
7550 7550 -45 300 30
7600 7600 -45 300 30
7650 7650 -45 300 30
7700 7700 -45 300 30
7750 7750 -45 300 30
7800 7800 -45 300 30
7850 7850 -45 300 30
7900 7900 -45 300 30
7950 7950 -45 300 30
8000 8000 -45 300 30
8050 8050 -45 300 30
8100 8100 -45 300 30
8150 8150 -45 300 30
8200 8200 -45 300 30
8250 8250 -45 300 30
8300 8300 -45 300 30
8350 8350 -45 300 30
8400 8400 -45 300 30
8450 8450 -45 300 30
8500 8500 -45 300 30
8550 8550 -45 300 30
8600 8600 -45 300 30
8650 8650 -45 300 30
8700 8700 -45 300 30
8750 8750 -45 300 30
8800 8800 -45 300 30
8850 8850 -45 300 30
8900 8900 -45 300 30
8950 8950 -45 300 30
9000 9000 -45 300 30
9050 9050 -45 300 30
9100 9100 -45 300 30
9150 9150 -45 300 30
9200 9200 -45 300 30
9250 9250 -45 300 30
9300 9300 -45 300 30
9350 9350 -45 300 30
9400 9400 -45 300 30
9450 9450 -45 300 30
9500 9500 -45 300 30
9550 9550 -45 300 30
9600 9600 -45 300 30
9650 9650 -45 300 30
9700 9700 -45 300 30
9750 9750 -45 300 30
9800 9800 -45 300 30
9850 9850 -45 300 30
9900 9900 -45 300 30
9950 9950 -45 300 30
