0 0 45 30 300
50 50 45 30 300
100 100 45 30 300
150 150 45 30 300
200 200 45 30 300
250 250 45 30 300
300 300 45 30 300
350 350 45 30 300
400 400 45 30 300
450 450 45 30 300
500 500 45 30 300
550 550 45 30 300
600 600 45 30 300
650 650 45 30 300
700 700 45 30 300
750 750 45 30 300
800 800 45 30 300
850 850 45 30 300
900 900 45 30 300
950 950 45 30 300
1000 1000 45 30 300
1050 1050 45 30 300
1100 1100 45 30 300
1150 1150 45 30 300
1200 1200 45 30 300
1250 1250 45 30 300
1300 1300 45 30 300
1350 1350 45 30 300
1400 1400 45 30 300
1450 1450 45 30 300
1500 1500 45 30 300
1550 1550 45 30 300
1600 1600 45 30 300
1650 1650 45 30 300
1700 1700 45 30 300
1750 1750 45 30 300
1800 1800 45 30 300
1850 1850 45 30 300
1900 1900 45 30 300
1950 1950 45 30 300
2000 2000 45 30 300
2050 2050 45 30 300
2100 2100 45 30 300
2150 2150 45 30 300
2200 2200 45 30 300
2250 2250 45 30 300
2300 2300 45 30 300
2350 2350 45 30 300
2400 2400 45 30 300
2450 2450 45 30 300
2500 2500 45 30 300
2550 2550 45 30 300
2600 2600 45 30 300
2650 2650 45 30 300
2700 2700 45 30 300
2750 2750 45 30 300
2800 2800 45 30 300
2850 2850 45 30 300
2900 2900 45 30 300
2950 2950 45 30 300
3000 3000 45 30 300
3050 3050 45 30 300
3100 3100 45 30 300
3150 3150 45 30 300
3200 3200 45 30 300
3250 3250 45 30 300
3300 3300 45 30 300
3350 3350 45 30 300
3400 3400 45 30 300
3450 3450 45 30 300
3500 3500 45 30 300
3550 3550 45 30 300
3600 3600 45 30 300
3650 3650 45 30 300
3700 3700 45 30 300
3750 3750 45 30 300
3800 3800 45 30 300
3850 3850 45 30 300
3900 3900 45 30 300
3950 3950 45 30 300
4000 4000 45 30 300
4050 4050 45 30 300
4100 4100 45 30 300
4150 4150 45 30 300
4200 4200 45 30 300
4250 4250 45 30 300
4300 4300 45 30 300
4350 4350 45 30 300
4400 4400 45 30 300
4450 4450 45 30 300
4500 4500 45 30 300
4550 4550 45 30 300
4600 4600 45 30 300
4650 4650 45 30 300
4700 4700 45 30 300
4750 4750 45 30 300
4800 4800 45 30 300
4850 4850 45 30 300
4900 4900 45 30 300
4950 4950 45 30 300
