0 0 45 30 300
50 50 45 30 300
100 100 45 30 300
150 150 45 30 300
200 200 45 30 300
250 250 45 30 300
300 300 45 30 300
350 350 45 30 300
400 400 45 30 300
450 450 45 30 300
500 500 45 30 300
550 550 45 30 300
600 600 45 30 300
650 650 45 30 300
700 700 45 30 300
750 750 45 30 300
800 800 45 30 300
850 850 45 30 300
900 900 45 30 300
950 950 45 30 300
1000 1000 45 30 300
1050 1050 45 30 300
1100 1100 45 30 300
1150 1150 45 30 300
1200 1200 45 30 300
1250 1250 45 30 300
1300 1300 45 30 300
1350 1350 45 30 300
1400 1400 45 30 300
1450 1450 45 30 300
1500 1500 45 30 300
1550 1550 45 30 300
1600 1600 45 30 300
1650 1650 45 30 300
1700 1700 45 30 300
1750 1750 45 30 300
1800 1800 45 30 300
1850 1850 45 30 300
1900 1900 45 30 300
1950 1950 45 30 300
2000 2000 45 30 300
2050 2050 45 30 300
2100 2100 45 30 300
2150 2150 45 30 300
2200 2200 45 30 300
2250 2250 45 30 300
2300 2300 45 30 300
2350 2350 45 30 300
2400 2400 45 30 300
2450 2450 45 30 300
2500 2500 45 30 300
2550 2550 45 30 300
2600 2600 45 30 300
2650 2650 45 30 300
2700 2700 45 30 300
2750 2750 45 30 300
2800 2800 45 30 300
2850 2850 45 30 300
2900 2900 45 30 300
2950 2950 45 30 300
3000 3000 45 30 300
3050 3050 45 30 300
3100 3100 45 30 300
3150 3150 45 30 300
3200 3200 45 30 300
3250 3250 45 30 300
3300 3300 45 30 300
3350 3350 45 30 300
3400 3400 45 30 300
3450 3450 45 30 300
3500 3500 45 30 300
3550 3550 45 30 300
3600 3600 45 30 300
3650 3650 45 30 300
3700 3700 45 30 300
3750 3750 45 30 300
3800 3800 45 30 300
3850 3850 45 30 300
3900 3900 45 30 300
3950 3950 45 30 300
4000 4000 45 30 300
4050 4050 45 30 300
4100 4100 45 30 300
4150 4150 45 30 300
4200 4200 45 30 300
4250 4250 45 30 300
4300 4300 45 30 300
4350 4350 45 30 300
4400 4400 45 30 300
4450 4450 45 30 300
4500 4500 45 30 300
4550 4550 45 30 300
4600 4600 45 30 300
4650 4650 45 30 300
4700 4700 45 30 300
4750 4750 45 30 300
4800 4800 45 30 300
4850 4850 45 30 300
4900 4900 45 30 300
4950 4950 45 30 300
5000 5000 -45 300 30
5050 5050 -45 300 30
5100 5100 -45 300 30
5150 5150 -45 300 30
5200 5200 -45 300 30
5250 5250 -45 300 30
5300 5300 -45 300 30
5350 5350 -45 300 30
5400 5400 -45 300 30
5450 5450 -45 300 30
5500 5500 -45 300 30
5550 5550 -45 300 30
5600 5600 -45 300 30
5650 5650 -45 300 30
5700 5700 -45 300 30
5750 5750 -45 300 30
5800 5800 -45 300 30
5850 5850 -45 300 30
5900 5900 -45 300 30
5950 5950 -45 300 30
6000 6000 -45 300 30
6050 6050 -45 300 30
6100 6100 -45 300 30
6150 6150 -45 300 30
6200 6200 -45 300 30
6250 6250 -45 300 30
6300 6300 -45 300 30
6350 6350 -45 300 30
6400 6400 -45 300 30
6450 6450 -45 300 30
6500 6500 -45 300 30
6550 6550 -45 300 30
6600 6600 -45 300 30
6650 6650 -45 300 30
6700 6700 -45 300 30
6750 6750 -45 300 30
6800 6800 -45 300 30
6850 6850 -45 300 30
6900 6900 -45 300 30
6950 6950 -45 300 30
7000 7000 -45 300 30
7050 7050 -45 300 30
7100 7100 -45 300 30
7150 7150 -45 300 30
7200 7200 -45 300 30
7250 7250 -45 300 30
7300 7300 -45 300 30
7350 7350 -45 300 30
7400 7400 -45 300 30
7450 7450 -45 300 30
7500 7500 -45 300 30
7550 7550 -45 300 30
7600 7600 -45 300 30
7650 7650 -45 300 30
7700 7700 -45 300 30
7750 7750 -45 300 30
7800 7800 -45 300 30
7850 7850 -45 300 30
7900 7900 -45 300 30
7950 7950 -45 300 30
8000 8000 -45 300 30
8050 8050 -45 300 30
8100 8100 -45 300 30
8150 8150 -45 300 30
8200 8200 -45 300 30
8250 8250 -45 300 30
8300 8300 -45 300 30
8350 8350 -45 300 30
8400 8400 -45 300 30
8450 8450 -45 300 30
8500 8500 -45 300 30
8550 8550 -45 300 30
8600 8600 -45 300 30
8650 8650 -45 300 30
8700 8700 -45 300 30
8750 8750 -45 300 30
8800 8800 -45 300 30
8850 8850 -45 300 30
8900 8900 -45 300 30
8950 8950 -45 300 30
9000 9000 -45 300 30
9050 9050 -45 300 30
9100 9100 -45 300 30
9150 9150 -45 300 30
9200 9200 -45 300 30
9250 9250 -45 300 30
9300 9300 -45 300 30
9350 9350 -45 300 30
9400 9400 -45 300 30
9450 9450 -45 300 30
9500 9500 -45 300 30
9550 9550 -45 300 30
9600 9600 -45 300 30
9650 9650 -45 300 30
9700 9700 -45 300 30
9750 9750 -45 300 30
9800 9800 -45 300 30
9850 9850 -45 300 30
9900 9900 -45 300 30
9950 9950 -45 300 30
10000 10000 -135 40 30
10050 10050 -135 40 30
10100 10100 -135 40 30
10150 10150 -135 40 30
10200 10200 -135 40 30
10250 10250 -135 40 30
10300 10300 -135 40 30
10350 10350 -135 40 30
10400 10400 -135 40 30
10450 10450 -135 40 30
10500 10500 -135 40 30
10550 10550 -135 40 30
10600 10600 -135 40 30
10650 10650 -135 40 30
10700 10700 -135 40 30
10750 10750 -135 40 30
10800 10800 -135 40 30
10850 10850 -135 40 30
10900 10900 -135 40 30
10950 10950 -135 40 30
11000 11000 -135 40 30
11050 11050 -135 40 30
11100 11100 -135 40 30
11150 11150 -135 40 30
11200 11200 -135 40 30
11250 11250 -135 40 30
11300 11300 -135 40 30
11350 11350 -135 40 30
11400 11400 -135 40 30
11450 11450 -135 40 30
11500 11500 -135 40 30
11550 11550 -135 40 30
11600 11600 -135 40 30
11650 11650 -135 40 30
11700 11700 -135 40 30
11750 11750 -135 40 30
11800 11800 -135 40 30
11850 11850 -135 40 30
11900 11900 -135 40 30
11950 11950 -135 40 30
12000 12000 -135 40 30
12050 12050 -135 40 30
12100 12100 -135 40 30
12150 12150 -135 40 30
12200 12200 -135 40 30
12250 12250 -135 40 30
12300 12300 -135 40 30
12350 12350 -135 40 30
12400 12400 -135 40 30
12450 12450 -135 40 30
12500 12500 -135 40 30
12550 12550 -135 40 30
12600 12600 -135 40 30
12650 12650 -135 40 30
12700 12700 -135 40 30
12750 12750 -135 40 30
12800 12800 -135 40 30
12850 12850 -135 40 30
12900 12900 -135 40 30
12950 12950 -135 40 30
13000 13000 -135 40 30
13050 13050 -135 40 30
13100 13100 -135 40 30
13150 13150 -135 40 30
13200 13200 -135 40 30
13250 13250 -135 40 30
13300 13300 -135 40 30
13350 13350 -135 40 30
13400 13400 -135 40 30
13450 13450 -135 40 30
13500 13500 -135 40 30
13550 13550 -135 40 30
13600 13600 -135 40 30
13650 13650 -135 40 30
13700 13700 -135 40 30
13750 13750 -135 40 30
13800 13800 -135 40 30
13850 13850 -135 40 30
13900 13900 -135 40 30
13950 13950 -135 40 30
14000 14000 -135 40 30
14050 14050 -135 40 30
14100 14100 -135 40 30
14150 14150 -135 40 30
14200 14200 -135 40 30
14250 14250 -135 40 30
14300 14300 -135 40 30
14350 14350 -135 40 30
14400 14400 -135 40 30
14450 14450 -135 40 30
14500 14500 -135 40 30
14550 14550 -135 40 30
14600 14600 -135 40 30
14650 14650 -135 40 30
14700 14700 -135 40 30
14750 14750 -135 40 30
14800 14800 -135 40 30
14850 14850 -135 40 30
14900 14900 -135 40 30
14950 14950 -135 40 30
15000 15000 135 300 3000
15050 15050 135 300 3000
15100 15100 135 300 3000
15150 15150 135 300 3000
15200 15200 135 300 3000
15250 15250 135 300 3000
15300 15300 135 300 3000
15350 15350 135 300 3000
15400 15400 135 300 3000
15450 15450 135 300 3000
15500 15500 135 300 3000
15550 15550 135 300 3000
15600 15600 135 300 3000
15650 15650 135 300 3000
15700 15700 135 300 3000
15750 15750 135 300 3000
15800 15800 135 300 3000
15850 15850 135 300 3000
15900 15900 135 300 3000
15950 15950 135 300 3000
16000 16000 135 300 3000
16050 16050 135 300 3000
16100 16100 135 300 3000
16150 16150 135 300 3000
16200 16200 135 300 3000
16250 16250 135 300 3000
16300 16300 135 300 3000
16350 16350 135 300 3000
16400 16400 135 300 3000
16450 16450 135 300 3000
16500 16500 135 300 3000
16550 16550 135 300 3000
16600 16600 135 300 3000
16650 16650 135 300 3000
16700 16700 135 300 3000
16750 16750 135 300 3000
16800 16800 135 300 3000
16850 16850 135 300 3000
16900 16900 135 300 3000
16950 16950 135 300 3000
17000 17000 135 300 3000
17050 17050 135 300 3000
17100 17100 135 300 3000
17150 17150 135 300 3000
17200 17200 135 300 3000
17250 17250 135 300 3000
17300 17300 135 300 3000
17350 17350 135 300 3000
17400 17400 135 300 3000
17450 17450 135 300 3000
17500 17500 135 300 3000
17550 17550 135 300 3000
17600 17600 135 300 3000
17650 17650 135 300 3000
17700 17700 135 300 3000
17750 17750 135 300 3000
17800 17800 135 300 3000
17850 17850 135 300 3000
17900 17900 135 300 3000
17950 17950 135 300 3000
18000 18000 135 300 3000
18050 18050 135 300 3000
18100 18100 135 300 3000
18150 18150 135 300 3000
18200 18200 135 300 3000
18250 18250 135 300 3000
18300 18300 135 300 3000
18350 18350 135 300 3000
18400 18400 135 300 3000
18450 18450 135 300 3000
18500 18500 135 300 3000
18550 18550 135 300 3000
18600 18600 135 300 3000
18650 18650 135 300 3000
18700 18700 135 300 3000
18750 18750 135 300 3000
18800 18800 135 300 3000
18850 18850 135 300 3000
18900 18900 135 300 3000
18950 18950 135 300 3000
19000 19000 135 300 3000
19050 19050 135 300 3000
19100 19100 135 300 3000
19150 19150 135 300 3000
19200 19200 135 300 3000
19250 19250 135 300 3000
19300 19300 135 300 3000
19350 19350 135 300 3000
19400 19400 135 300 3000
19450 19450 135 300 3000
19500 19500 135 300 3000
19550 19550 135 300 3000
19600 19600 135 300 3000
19650 19650 135 300 3000
19700 19700 135 300 3000
19750 19750 135 300 3000
19800 19800 135 300 3000
19850 19850 135 300 3000
19900 19900 135 300 3000
19950 19950 135 300 3000
